  0.50000000000000000        0.0000000000000000        0.0000000000000000     
   1.5000000000000000       0.58194505094941595        3.9092746907246789E-002
   2.5000000000000000       0.65273480108547144        1.5044038777904500E-002
   3.5000000000000000       0.71191809856718113        9.3052599736735964E-003
   4.5000000000000000       0.73194298621802922        7.9249048985347015E-003
   5.5000000000000000       0.74453999969384455        7.2129323961001024E-003
   6.5000000000000000       0.74678310859124108        7.0243776508829292E-003
   7.5000000000000000       0.75209968061097443        6.7912906812339635E-003
   8.5000000000000000       0.75414804734951424        6.5803658537388898E-003
   9.5000000000000000       0.75505227462705227        6.7800282521842670E-003
   10.500000000000000       0.75530628608358330        6.6365826299988884E-003
   11.500000000000000       0.75578948809019419        6.4996101967296216E-003
   12.500000000000000       0.75825909444994177        6.4025932979245859E-003
   13.500000000000000       0.75629178852369594        6.5795885612569549E-003
   14.500000000000000       0.75766404200138782        6.7716219527113042E-003
   15.500000000000000       0.75751241810091841        6.5413972845459467E-003
   16.500000000000000       0.75856783723529941        6.5869511388944035E-003
   17.500000000000000       0.75922937835018045        6.3181577289189716E-003
   18.500000000000000       0.75738189984326532        6.6068146248337012E-003
   19.500000000000000       0.75798230672632372        6.5431403854927517E-003
   20.500000000000000       0.75745370479328489        6.5301463156065553E-003
   21.500000000000000       0.75847018586820469        6.3637116843084929E-003
   22.500000000000000       0.75771075173049685        6.4988360459130590E-003
   23.500000000000000       0.75815890523850049        6.5075956466412732E-003
   24.500000000000000       0.75910309491968431        6.3432625679817889E-003
   25.500000000000000       0.75738663243142534        6.6024166523264149E-003
   26.500000000000000       0.75812929085155900        6.3206217112614649E-003
   27.500000000000000       0.75868006071407645        6.5115019402751662E-003
   28.500000000000000       0.75711084283517616        6.5365139496248448E-003
   29.500000000000000       0.75820039694990937        6.5497743702467304E-003
   30.500000000000000       0.75873443649189587        6.2629074471890478E-003
   31.500000000000000       0.75775866808831915        6.5775831191480227E-003
   32.500000000000000       0.75642173094040388        6.8828652066222906E-003
   33.500000000000000       0.75619930896969734        6.4938419510284229E-003
   34.500000000000000       0.75731479737287255        6.5471751823859003E-003
   35.500000000000000       0.75873501273638011        6.4621951103609465E-003
   36.500000000000000       0.75805764842014456        6.9807578737648424E-003
   37.500000000000000       0.75785425446648391        6.5430538126219906E-003
   38.500000000000000       0.75864337945684746        6.3734138155273623E-003
   39.500000000000000       0.75923975332337645        6.2604403901104222E-003
   40.500000000000000       0.75929635323549494        6.2377435147377147E-003
   41.500000000000000       0.75955529345330641        6.2664627672406326E-003
   42.500000000000000       0.75960458406304621        6.3920091058793371E-003
   43.500000000000000       0.75839113392108104        6.3967810987478613E-003
   44.500000000000000       0.75828428353819310        6.4607663067633991E-003
   45.500000000000000       0.75973837632904706        6.4081467575702877E-003
   46.500000000000000       0.75708583278345876        6.5184353264351458E-003
   47.500000000000000       0.75909725454656507        6.5308705028731540E-003
   48.500000000000000       0.75740646913817344        6.4923598769375257E-003
   49.500000000000000       0.75926203841089168        6.4545098731236816E-003
   50.500000000000000       0.75924929919456374        6.4034357165808631E-003
   51.500000000000000       0.76014660766092446        6.7131369023676335E-003
   52.500000000000000       0.76004398491032665        6.3748349356500533E-003
   53.500000000000000       0.75839773652560838        6.3934530192051309E-003
   54.500000000000000       0.75957397557714168        6.4885063316186820E-003
   55.500000000000000       0.75750338892920033        6.4063865027691458E-003
   56.500000000000000       0.75918404602387224        6.7245583535120446E-003
   57.500000000000000       0.75752127358851951        6.7929890285348682E-003
   58.500000000000000       0.75672630374678773        6.7167811597239613E-003
   59.500000000000000       0.75813770338230202        6.4881556474092328E-003
   60.500000000000000       0.75867230788950202        6.3760317421281965E-003
   61.500000000000000       0.75700311187033575        6.4949113449611628E-003
   62.500000000000000       0.75843831930494066        6.6328700066295987E-003
   63.500000000000000       0.75891232589777613        6.6781089535736804E-003
   64.500000000000000       0.75916598502994259        6.3306733036905261E-003
   65.500000000000000       0.75668998958395228        6.5036507088954698E-003
   66.500000000000000       0.75907519415053804        6.3488360906874819E-003
   67.500000000000000       0.75701417931638848        6.4748822199929279E-003
   68.500000000000000       0.75948536643021092        6.5765153366895701E-003
   69.500000000000000       0.75732278849444101        6.5158897649723047E-003
   70.500000000000000       0.75727238837354027        6.5805671975606161E-003
   71.500000000000000       0.75779530190913069        6.5394063192818486E-003
   72.500000000000000       0.75766494854934630        6.3049691984691236E-003
   73.500000000000000       0.75736199410670935        6.5976833887658737E-003
   74.500000000000000       0.75703314370244013        6.4868596177201088E-003
   75.500000000000000       0.75736707054398844        6.5308691365314475E-003
   76.500000000000000       0.75641697907874672        6.7516366409410278E-003
   77.500000000000000       0.75768637366354674        6.4438516097857779E-003
   78.500000000000000       0.75593975941002356        6.5383850725933002E-003
   79.500000000000000       0.75791382159558973        6.4568605839097071E-003
   80.500000000000000       0.75698481860337630        6.6551898390136977E-003
   81.500000000000000       0.75705295557037955        6.5625552376615826E-003
   82.500000000000000       0.75489396654667018        7.0413167265188648E-003
   83.500000000000000       0.75675616058352380        6.6638391529038055E-003
   84.500000000000000       0.75484725580158862        6.6434249624029995E-003
   85.500000000000000       0.75668153517125425        6.3059579295148271E-003
   86.500000000000000       0.75429719998840705        6.9749551178915903E-003
   87.500000000000000       0.75212270757874256        6.8064456646613758E-003
   88.500000000000000       0.75095897562983727        6.9988041254112066E-003
   89.500000000000000       0.74767041570965243        6.9933638737530446E-003
   90.500000000000000       0.74345982751316086        7.8252152595220670E-003
   91.500000000000000       0.73297931291811624        8.2033016059920305E-003
   92.500000000000000       0.70752863722562553        9.9555696762360091E-003
   93.500000000000000       0.64944713660760345        1.4658786803496471E-002
   94.500000000000000       0.58490248828641822        3.9164328374746649E-002
   95.500000000000000        0.0000000000000000        0.0000000000000000     
