  0.50000000000000000        0.0000000000000000        0.0000000000000000     
   1.5000000000000000       0.57662811454876750        3.9783552176627490E-002
   2.5000000000000000       0.64963133567105491        1.5086019974207776E-002
   3.5000000000000000       0.71013514432625846        9.6892412110793913E-003
   4.5000000000000000       0.73217506477029248        8.0752197664077929E-003
   5.5000000000000000       0.74396938426045855        7.3036714893469634E-003
   6.5000000000000000       0.74799444593231279        7.1406524831902907E-003
   7.5000000000000000       0.75038607646040101        6.9853400157017242E-003
   8.5000000000000000       0.75239318265774124        6.8035953314288244E-003
   9.5000000000000000       0.75354966117677546        6.6022994108063671E-003
   10.500000000000000       0.75394440557652098        6.5543127138604218E-003
   11.500000000000000       0.75802865337048597        6.7047597735169218E-003
   12.500000000000000       0.75523958875485697        6.6713939122257093E-003
   13.500000000000000       0.75463931335563328        6.8811942594284581E-003
   14.500000000000000       0.75698656363100780        6.4242143193151691E-003
   15.500000000000000       0.75787852524437105        6.3844072043163225E-003
   16.500000000000000       0.75862434525216837        6.4584331802898243E-003
   17.500000000000000       0.75809480570159737        6.5786709386556064E-003
   18.500000000000000       0.75821486221409984        6.4437458359751787E-003
   19.500000000000000       0.75935921567390030        6.4342969797188676E-003
   20.500000000000000       0.75847824626641358        6.4756243445442951E-003
   21.500000000000000       0.75943374506222794        6.4025760486532413E-003
   22.500000000000000       0.75810090654659268        6.3662731374536374E-003
   23.500000000000000       0.75795183213550221        6.5420799105750937E-003
   24.500000000000000       0.75682947553531899        6.6860687573321309E-003
   25.500000000000000       0.75743904770747406        6.3876733836704114E-003
   26.500000000000000       0.75856249696966882        6.5238389041653022E-003
   27.500000000000000       0.75916440295232779        6.5211515423159172E-003
   28.500000000000000       0.75838037973362393        6.3690823312312350E-003
   29.500000000000000       0.75845756673653686        6.4142352448335327E-003
   30.500000000000000       0.75691729616585313        6.3846078509048887E-003
   31.500000000000000       0.75615625008295817        6.6635847302395357E-003
   32.500000000000000       0.75782072978672588        6.5322030103444062E-003
   33.500000000000000       0.75885157371623857        6.5835363657035240E-003
   34.500000000000000       0.75787663860346821        6.3238866752468592E-003
   35.500000000000000       0.75797721038026034        6.4874336329378002E-003
   36.500000000000000       0.75932848609335812        6.2735618136878779E-003
   37.500000000000000       0.75885350944801555        6.3856998789416641E-003
   38.500000000000000       0.75859759563578666        6.6370064860559186E-003
   39.500000000000000       0.75870201462781950        6.3196509371767906E-003
   40.500000000000000       0.75704254391000270        6.4064830015801988E-003
   41.500000000000000       0.75952545216426448        6.4507354820150242E-003
   42.500000000000000       0.75853094967466783        6.2857131418562195E-003
   43.500000000000000       0.75798791982693292        6.4739490813626732E-003
   44.500000000000000       0.75882296667373250        6.7310018491802959E-003
   45.500000000000000       0.76150712209785709        6.2776162380158151E-003
   46.500000000000000       0.75860457669116266        6.5601030596803556E-003
   47.500000000000000       0.75909725454656507        6.5308705028731540E-003
   48.500000000000000       0.75923063077369046        6.4051876111603789E-003
   49.500000000000000       0.75719297646139538        6.5226634136312800E-003
   50.500000000000000       0.75704103938903833        6.4911163585283926E-003
   51.500000000000000       0.75792166657651705        6.5159027069746633E-003
   52.500000000000000       0.75989168602447055        6.4266945330190284E-003
   53.500000000000000       0.75904495380809656        6.4914010936508726E-003
   54.500000000000000       0.75905654246378296        6.3850413414830998E-003
   55.500000000000000       0.75808809607819616        6.6424033060081822E-003
   56.500000000000000       0.75863382261574708        6.4089375058399289E-003
   57.500000000000000       0.75776174062261148        6.4231517372304037E-003
   58.500000000000000       0.75824034248153327        6.3331095406403692E-003
   59.500000000000000       0.75855151506512286        6.4239508919028410E-003
   60.500000000000000       0.75671651293137154        6.5155011800273055E-003
   61.500000000000000       0.75673984596254329        6.5141351055527652E-003
   62.500000000000000       0.75668558215316895        6.6064007075029574E-003
   63.500000000000000       0.75769259701652480        6.5461074478372350E-003
   64.500000000000000       0.75957560875161800        6.6658848730870579E-003
   65.500000000000000       0.75812589807078345        6.3442847729012763E-003
   66.500000000000000       0.75848842819423257        6.4475028770099030E-003
   67.500000000000000       0.75862694728172897        6.5711749559809185E-003
   68.500000000000000       0.75741776991412779        6.5551095788750624E-003
   69.500000000000000       0.75793327977238167        6.4409935258259443E-003
   70.500000000000000       0.75741045026011489        6.4910221025641368E-003
   71.500000000000000       0.75787874657369203        6.4708863107394432E-003
   72.500000000000000       0.75832005254634127        6.2791883209404320E-003
   73.500000000000000       0.75658386809565237        6.6811654707664703E-003
   74.500000000000000       0.75803950848005386        6.6500913570414211E-003
   75.500000000000000       0.75615167947896633        6.7418477086327311E-003
   76.500000000000000       0.75694226943516818        6.5441646291490851E-003
   77.500000000000000       0.75551348865257817        6.7598955096823676E-003
   78.500000000000000       0.75572634849406994        6.4187171403082832E-003
   79.500000000000000       0.75745029128726948        6.5271880058461740E-003
   80.500000000000000       0.75763521272847112        6.8057657807727434E-003
   81.500000000000000       0.75650693627161658        6.6872171378657974E-003
   82.500000000000000       0.75539730977550379        6.7676844947409664E-003
   83.500000000000000       0.75700015882184091        6.4959784609192051E-003
   84.500000000000000       0.75394142812398857        6.5926880481586014E-003
   85.500000000000000       0.75428483755804610        6.6029577000006334E-003
   86.500000000000000       0.75167152182987307        6.9356034737594330E-003
   87.500000000000000       0.75249095495714691        6.9699334729634854E-003
   88.500000000000000       0.75154123856103883        7.0336509874868725E-003
   89.500000000000000       0.74908123381851222        7.1477074946870722E-003
   90.500000000000000       0.74306242123019028        7.2551511593660356E-003
   91.500000000000000       0.73145342552820380        7.9910245221377352E-003
   92.500000000000000       0.70799744782494223        9.4737351539843084E-003
   93.500000000000000       0.64920176214542535        1.5278264959786403E-002
   94.500000000000000       0.57788389249854166        4.0082050339454001E-002
   95.500000000000000        0.0000000000000000        0.0000000000000000     
